%Vec Object: 1 MPI process
%  type: seq
Vec_0x84000007_0 = [
0.0000000000000000e+00
0.0000000000000000e+00
0.0000000000000000e+00
0.0000000000000000e+00
0.0000000000000000e+00
0.0000000000000000e+00
0.0000000000000000e+00
0.0000000000000000e+00
0.0000000000000000e+00
0.0000000000000000e+00
0.0000000000000000e+00
0.0000000000000000e+00
0.0000000000000000e+00
0.0000000000000000e+00
0.0000000000000000e+00
0.0000000000000000e+00
0.0000000000000000e+00
0.0000000000000000e+00
0.0000000000000000e+00
0.0000000000000000e+00
0.0000000000000000e+00
0.0000000000000000e+00
0.0000000000000000e+00
0.0000000000000000e+00
0.0000000000000000e+00
0.0000000000000000e+00
0.0000000000000000e+00
0.0000000000000000e+00
0.0000000000000000e+00
0.0000000000000000e+00
0.0000000000000000e+00
0.0000000000000000e+00
0.0000000000000000e+00
0.0000000000000000e+00
0.0000000000000000e+00
0.0000000000000000e+00
0.0000000000000000e+00
0.0000000000000000e+00
0.0000000000000000e+00
0.0000000000000000e+00
0.0000000000000000e+00
0.0000000000000000e+00
0.0000000000000000e+00
0.0000000000000000e+00
0.0000000000000000e+00
0.0000000000000000e+00
0.0000000000000000e+00
0.0000000000000000e+00
0.0000000000000000e+00
0.0000000000000000e+00
0.0000000000000000e+00
1.0940070753799616e-20
7.1959389465963763e-20
4.4369860414292403e-19
2.6102652437832151e-18
1.4616107659946761e-17
7.7655301331049168e-17
3.9011285284274155e-16
1.8458805100398109e-15
8.1907989741309134e-15
3.3919108117620939e-14
1.3037135892173825e-13
4.6224018733073803e-13
1.5014219089298139e-12
4.4335011546212556e-12
1.1801507211483055e-11
2.8066642523125350e-11
5.9109902343061797e-11
1.0941913202281447e-10
1.7735187915451712e-10
2.5252950087846540e-10
3.2016577911160736e-10
3.6983780976130794e-10
3.9955650890301843e-10
4.1268851882071142e-10
4.1257367479477399e-10
3.9918521841434088e-10
3.6915770676979139e-10
3.1917026473106025e-10
2.5132444782624332e-10
1.7614503118965379e-10
1.0841640225293499e-10
5.8410636003501417e-11
2.7649480043903606e-11
1.1583838753261400e-11
4.3325036190176743e-12
1.4593879843035877e-12
4.4648668448013116e-13
1.2503835432507259e-13
3.2281774544639709e-14
7.7325076129562439e-15
1.7282357955622151e-15
3.6224461931473749e-16
7.1526659170693430e-17
1.3357797580475696e-17
2.3678119919820429e-18
3.9965164586216798e-19
6.4386501746236000e-20
9.7301002039336313e-21
0.0000000000000000e+00
0.0000000000000000e+00
7.1963458171864690e-20
4.7624601065735781e-19
2.9553118901896856e-18
1.7497820668553321e-17
9.8609936965352061e-17
5.2729273694450627e-16
2.6660025392927237e-15
1.2695680878566392e-14
5.6695204342522786e-14
2.3627000391919074e-13
9.1380808681292414e-13
3.2598516619021789e-12
1.0651669572717022e-11
3.1633365492705862e-11
8.4660311704446358e-11
2.0234157923321456e-10
4.2800482751027443e-10
7.9512717711706926e-10
1.2921578359189852e-09
1.8427541979320908e-09
2.3377183680223601e-09
2.7003805768086088e-09
2.9166845241155864e-09
3.0120052955824560e-09
3.0112223254033943e-09
2.9141474390733365e-09
2.6957182510647578e-09
2.3308741644275448e-09
1.8344555917637948e-09
1.2838463072083200e-09
7.8823129051872438e-10
4.2320671094589505e-10
1.9948421668885104e-10
8.3169104470847201e-11
3.0940074951858583e-11
1.0362489533049502e-11
3.1513790075949059e-12
8.7713583771502966e-13
2.2505175887105212e-13
5.3572873078864141e-14
1.1899935645784961e-14
2.4790742652022500e-15
4.8655927906832174e-16
9.0327091903113202e-17
1.5917647735403570e-17
2.6711082631106866e-18
4.2787049755638683e-19
6.4307275166703451e-20
0.0000000000000000e+00
0.0000000000000000e+00
4.4375219561318437e-19
2.9555012803234484e-18
1.8462768912612462e-17
1.1004831243066566e-16
6.2435407079978558e-16
3.3610446097450309e-15
1.7107727369282853e-14
8.2014105324447707e-14
3.6869227684979589e-13
1.5466303058869752e-12
6.0208238547609749e-12
2.1615646984585059e-11
7.1069320391703406e-11
2.1232395248653272e-10
5.7144915641613950e-10
1.3728666849210738e-09
2.9172182856212189e-09
5.4397791101330983e-09
8.8643711476965113e-09
1.2662080605578776e-08
1.6073179420147395e-08
1.8566457783073730e-08
2.0048674155680545e-08
2.0699998489139136e-08
2.0695010245971043e-08
2.0032471984632313e-08
1.8536582057594076e-08
1.6029190025248972e-08
1.2608649909711812e-08
8.8108527847086131e-09
5.3954407647231734e-09
2.8864358538130774e-09
1.3545610194318815e-09
5.6188520326386303e-10
2.0786344640534831e-10
6.9202989654787155e-11
2.0914743038520499e-11
5.7842299172930490e-12
1.4745617754670062e-12
3.4876370500690929e-13
7.6976698825855710e-14
1.5935476622075098e-14
3.1081939289414952e-15
5.7348518252726447e-16
1.0044915332298871e-16
1.6755167731952067e-17
2.6679956377143663e-18
3.9871684557604477e-19
0.0000000000000000e+00
0.0000000000000000e+00
2.6107590990784040e-18
1.7500131761162276e-17
1.1005576492530867e-16
6.6041626196616113e-16
3.7721520925075332e-15
2.0443646323214825e-14
1.0476106590601014e-13
5.0560553836929377e-13
2.2881688512563307e-12
9.6624466510327552e-12
3.7861400041624607e-11
1.3680326620304383e-10
4.5260915479477335e-10
1.3603447166726106e-09
3.6820705149801363e-09
8.8921965973551521e-09
1.8982213419667826e-08
3.5530546087164034e-08
5.8059117152659979e-08
8.3069335255766361e-08
1.0551418048603639e-07
1.2187953486194725e-07
1.3157623383924139e-07
1.3582489778437782e-07
1.3579476287250939e-07
1.3147811687301259e-07
1.2169799047347416e-07
1.0524605712456730e-07
8.2743087786771251e-08
5.7732302141925400e-08
3.5260172787796725e-08
1.8794884830378658e-08
8.7808936158835058e-09
3.6237903360332374e-09
1.3330435234959888e-09
4.4114106949009599e-10
1.3249053188237747e-10
3.6408373251856468e-11
9.2220101258454443e-12
2.1672646868558530e-12
4.7531950833541780e-13
9.7784985370685316e-14
1.8955359685877473e-14
3.4761289666634419e-15
6.0519800307603227e-16
1.0034587959581464e-16
1.5883850643433345e-17
2.3602900507453555e-18
0.0000000000000000e+00
0.0000000000000000e+00
1.4619903094011537e-17
9.8629824962760077e-17
6.2443934909053761e-16
3.7724101093193196e-15
2.1693027288942440e-14
1.1836460172010589e-13
6.1065279854267369e-13
2.9670866719506994e-12
1.3518123496533325e-11
5.7464831927572155e-11
2.2665380231318076e-10
8.2425679898999378e-10
2.7442000040176155e-09
8.2978351439546039e-09
2.2588539082061372e-08
5.4838782397634967e-08
1.1760871889775325e-07
2.2097990480693947e-07
3.6210582772459815e-07
5.1895039062304785e-07
6.5958450375840335e-07
7.6187106028233907e-07
8.2227382923272207e-07
8.4866214354818651e-07
8.4849028559361702e-07
8.2171291193090280e-07
7.6082961201639404e-07
6.5804167820200707e-07
5.1706976014233583e-07
3.6022170871470346e-07
2.1942329238252833e-07
1.1653217341374369e-07
5.4199286775771092e-08
2.2252506573794209e-08
8.1395133162187246e-09
2.6773859397387690e-09
7.9909685906563811e-10
2.1819777716951897e-10
5.4916315591168569e-11
1.2824255689646505e-11
2.7949973462801585e-12
5.7145096862401864e-13
1.1009906942341599e-13
2.0068780955175609e-14
3.4731080085821575e-15
5.7244251290847763e-16
9.0076954048561131e-17
1.3309211716300619e-17
0.0000000000000000e+00
0.0000000000000000e+00
7.7680942956709655e-17
5.2743542246707569e-16
3.3617303082464472e-15
2.0446398396679914e-14
1.1837235135212276e-13
6.5026086264600141e-13
3.3774977516812236e-12
1.6521892408657587e-11
7.5781243992120009e-11
3.2429557576006855e-10
1.2875413788836677e-09
4.7126986097976380e-09
1.5789186475241391e-08
4.8033481205091024e-08
1.3151061647070746e-07
3.2096486100760126e-07
6.9157289691138608e-07
1.3044384858239995e-06
2.1435417008340267e-06
3.0771503903604618e-06
3.9135320750869897e-06
4.5203240383777376e-06
4.8774341534223643e-06
5.0329839228470370e-06
5.0320640858696035e-06
4.8744246527831789e-06
4.5147170448109711e-06
3.9052003951984244e-06
3.0669763640488948e-06
2.1333474437255725e-06
1.2960270127342669e-06
6.8576451337513933e-07
3.1751256752717010e-07
1.2968733514835241e-07
4.7168251983262030e-08
1.5422138335820233e-08
4.5743342455347649e-09
1.2411884005429829e-09
3.1041898601522366e-10
7.2037876281993567e-11
1.5603567945792994e-11
3.1707947199565138e-12
6.0722266743501339e-13
1.1002269396475033e-13
1.8927405529186400e-14
3.1011615381489223e-15
4.8510165894159196e-16
7.1268003754651592e-17
0.0000000000000000e+00
0.0000000000000000e+00
3.9026868603176604e-16
2.6669013084435212e-15
1.7112310333801658e-14
1.0478161329198317e-13
6.1072919564825955e-13
3.3776953194852254e-12
1.7662921771782598e-11
8.6987479047035920e-11
4.0167622333849854e-10
1.7304210346799097e-09
6.9156864813326626e-09
2.5477575160978216e-08
8.5899747620326277e-08
2.6291772594407474e-07
7.2400242247976091e-07
1.7764179645435758e-06
3.8456238763093778e-06
7.2817721033145868e-06
1.1999998134364247e-05
1.7255606370178278e-05
2.1959725614870199e-05
2.5363896211926277e-05
2.7360466001518365e-05
2.8227533850564120e-05
2.8222946226033103e-05
2.7345420204422913e-05
2.5335768784961832e-05
2.1917803854308286e-05
1.7204324263681420e-05
1.1948606167493756e-05
7.2394173583834732e-06
3.8164112589183628e-06
1.7590278996405817e-06
7.1475399901785029e-07
2.5849068596085266e-07
8.4011242198357674e-08
2.4765340048696357e-08
6.6780985658467460e-09
1.6598519187131622e-09
3.8283518944453154e-10
8.2420198181255702e-11
1.6648035259974674e-11
3.1691866025264651e-12
5.7082011041089463e-13
9.7618085090334863e-14
1.5899566501455640e-14
2.4723768701274069e-15
3.6115006650833627e-16
0.0000000000000000e+00
0.0000000000000000e+00
1.8467444873912757e-15
1.2700775887745792e-14
8.2040983480200235e-14
5.0573290923637250e-13
2.9676127863147052e-12
1.6523674819724677e-11
8.6991628387371974e-11
4.3131672788838463e-10
2.0050694169820930e-09
8.6955882212809120e-09
3.4982005132383335e-08
1.2971261086610454e-07
4.4011051296806230e-07
1.3553055969039793e-06
3.7537602330113011e-06
9.2595042866359402e-06
2.0140009537212515e-05
3.8284610456294030e-05
6.3272128529403808e-05
9.1137808464015208e-05
1.1605728891967951e-04
1.3404443181167590e-04
1.4455765900447205e-04
1.4910961504820954e-04
1.4908848238492459e-04
1.4448818854993146e-04
1.3391412834560132e-04
1.1586251181367236e-04
9.0899130399257620e-05
6.3032896785386540e-05
3.8087649640937463e-05
2.0004260140388408e-05
9.1784623984915642e-06
3.7102547891568062e-06
1.3342659056275946e-06
4.3108526755305880e-07
1.2631057683177979e-07
3.3853481904322911e-08
8.3634541131669842e-09
1.9174097921225268e-09
4.1034058380794467e-10
8.2394246508634297e-11
1.5592380814070913e-11
2.7918673846146567e-12
4.7462537320125105e-13
7.6846050436083040e-14
1.1878422241033413e-14
1.7251403529400219e-15
0.0000000000000000e+00
0.0000000000000000e+00
8.1952254689783940e-15
5.6721676219597916e-14
3.6883478888784159e-13
2.2888650252870491e-12
1.3521147017184847e-11
7.5792535043590196e-11
4.0171025069588190e-10
2.0051387733565149e-09
9.3838389368861025e-09
4.0967042715787011e-08
1.6589553681389051e-07
6.1912839732233650e-07
2.1139840548737941e-06
6.5497164273967627e-06
1.8245720475154467e-05
4.5248141010551669e-05
9.8884352701603096e-05
1.8870891764420685e-04
3.1277390146818604e-04
4.5129141423915246e-04
5.7505340057381919e-04
6.6415710703636519e-04
7.1605666538658672e-04
7.3846008390992006e-04
7.3837116776427809e-04
7.1576371249030429e-04
6.6360588667549979e-04
5.7422713901543465e-04
4.5027725275941671e-04
3.1175717742819656e-04
1.8787252493522130e-04
9.8307925839736209e-05
4.4902407643593792e-05
1.8057747196760279e-05
6.4577234002584223e-06
2.0743235361548046e-06
6.0420937226642170e-07
1.6098255497424851e-07
3.9536488563358901e-08
9.0110690617107666e-09
1.9171771340990944e-09
3.8271100867827738e-10
7.2000454157931372e-11
1.2816014122825413e-11
2.1658468017526070e-12
3.4857727460684784e-13
5.3557899087275191e-14
7.7331745480657574e-15
0.0000000000000000e+00
0.0000000000000000e+00
3.3940390333327304e-14
2.3639852464713158e-13
1.5473316688778206e-12
9.6659387817762470e-12
5.7480435690560190e-11
3.2435664554478643e-10
1.7306227945599938e-09
8.6961159597708413e-09
4.0967973459714514e-08
1.8003818109408634e-07
7.3384153059810982e-07
2.7563981855598385e-06
9.4709089907022810e-06
2.9522116360626771e-05
8.2715655093418662e-05
2.0622505363351412e-04
4.5281585527357578e-04
8.6753640220415358e-04
1.4420413184723160e-03
2.0842307318328975e-03
2.6575004267210770e-03
3.0691718463231586e-03
3.3081234479216369e-03
3.4109599507925830e-03
3.4106230501501004e-03
3.3070111852128601e-03
3.0670729700357688e-03
2.6543462712603368e-03
2.0803534316250682e-03
1.4381532633674318e-03
8.6433953113448339e-04
4.5061057196739445e-04
2.0489250261283669e-04
8.1978065804003868e-05
2.9156230508715339e-05
9.3126100521544650e-06
2.6971180209280971e-06
7.1450493243645553e-07
1.7447745001746142e-07
3.9539271490242551e-08
8.3640037094811616e-09
1.6599825841486414e-09
3.1047316403934113e-10
5.4937798549584423e-11
9.2288772703997794e-12
1.4763827184407495e-12
2.2546827209745538e-13
3.2363993835788752e-14
0.0000000000000000e+00
0.0000000000000000e+00
1.3046907979031803e-13
9.1440385696575380e-13
6.0241179138464384e-12
3.7878095813206690e-11
2.2673029445143044e-10
1.2878521357367778e-09
6.9167777384470607e-09
3.4985210929783069e-08
1.6590312897014160e-07
7.3385508924999098e-07
3.0106271774432416e-06
1.1380566066404611e-05
3.9347609638048134e-05
1.2339232590986149e-04
3.4770612826816219e-04
8.7149734051519020e-04
1.9226033437106591e-03
3.6978640126367136e-03
6.1643831815407337e-03
8.9247704526925920e-03
1.1386722263184884e-02
1.3150141532418154e-02
1.4170159815998120e-02
1.4607815506279887e-02
1.4606687087663101e-02
1.4166428005257390e-02
1.3143082515120105e-02
1.1376091588472749e-02
8.9116857961997979e-03
6.1512582127871574e-03
3.6870719939959161e-03
1.9151397325636089e-03
8.6693248945288409e-04
3.4511000775010409e-04
1.2208550364102238e-04
3.8782238340727731e-05
1.1170627797797995e-05
2.9430026274945295e-06
7.1468877459488887e-07
1.6105454172620236e-07
3.3875920306826958e-08
6.6845762198567441e-09
1.2429327414889158e-09
2.1863013278425399e-10
3.6506445362009108e-11
5.8046301566191600e-12
8.8104751882144575e-13
1.2571770865419662e-13
0.0000000000000000e+00
0.0000000000000000e+00
4.6267437038804529e-13
3.2625332292127388e-12
2.1630738832341509e-11
1.3688161882648753e-10
8.2462799750586802e-10
4.7142817197647823e-09
2.5483563156165348e-08
1.2973245921618831e-07
6.1918628181475404e-07
2.7565519170609126e-06
1.1380922854429459e-05
4.3292202643910033e-05
1.5060172330351470e-04
4.7509243066798710e-04
1.3463399029402653e-03
3.3922014038863450e-03
7.5184314193963422e-03
1.4516699181798013e-02
2.4268596641551177e-02
3.5195287758239234e-02
4.4932000289971512e-02
5.1888285108042033e-02
5.5898152672031375e-02
5.7613470144196960e-02
5.7610211513288677e-02
5.5887364043564675e-02
5.1867845994620784e-02
4.4901177888648960e-02
3.5157318026829185e-02
2.4230494463778843e-02
1.4485340010900981e-02
7.4966249380855879e-03
3.3785798999996682e-03
1.3382306536035107e-03
4.7095704461805901e-04
1.4882753251166679e-04
4.2643419496020655e-05
1.1175448084844950e-05
2.6993020442846229e-06
6.0494635164637097e-07
1.2652837229859736e-07
2.4823738683256914e-08
4.5886558043416717e-09
8.0232072752980007e-10
1.3315959211816710e-10
2.1043447396114683e-11
3.1744485496366286e-12
4.5027554010110839e-13
0.0000000000000000e+00
0.0000000000000000e+00
1.5032849898076545e-12
1.0663381579020715e-11
7.1136822813961077e-11
4.5297087267549836e-10
2.7459889149001553e-09
1.5797286836638028e-08
8.5933117341831111e-08
4.4023552673912180e-07
2.1144154956168992e-06
9.4723192515371802e-06
3.9351988818524813e-05
1.5061265198960285e-04
5.2709405285263653e-04
1.6724740096241784e-03
4.7658248381244857e-03
1.2069627514940583e-02
2.6873503514826608e-02
5.2085304881309226e-02
8.7319106160498469e-02
1.2684346181199135e-01
1.6203213749635448e-01
1.8710860069510749e-01
2.0151427085633170e-01
2.0765815290418976e-01
2.0765032243995610e-01
2.0148834794678680e-01
1.8705949723161749e-01
1.6195810131356217e-01
1.2675225809018359e-01
8.7227529946567767e-02
5.2009727642460979e-02
2.6820346496786919e-02
1.2035046061623580e-02
4.7433360324854292e-03
1.6610138720705271e-03
5.2231528918921964e-04
1.4891281790782986e-04
3.8825982284233067e-05
9.3286592091554491e-06
2.0793215804329254e-06
4.3247141381901569e-07
8.4359756298480313e-08
1.5502306155928605e-08
2.6943727047408158e-09
4.4447728055997887e-10
6.9813913136695777e-11
1.0467324221325914e-11
1.4759771525882602e-12
0.0000000000000000e+00
0.0000000000000000e+00
4.4410510554965802e-12
3.1681813354842246e-11
2.1261076952331695e-10
1.3619352787781641e-09
8.3060584840793611e-09
4.8072938846896115e-08
2.6309300490996580e-07
1.3560278688149119e-06
6.5525015140567010e-06
2.9532297690923969e-05
1.2342761415960458e-04
4.7520240125473238e-04
1.6727253931221127e-03
5.3374880444419176e-03
1.5291207784897124e-02
3.8918692930741322e-02
8.7039176337258203e-02
1.6932014149420033e-01
2.8463298232183509e-01
4.1413374584513285e-01
5.2932661433854400e-01
6.1121154430358893e-01
6.5809402568985242e-01
6.7802943800070881e-01
6.7801462706826310e-01
6.5804512982848129e-01
6.1111929964669476e-01
5.2918804452676649e-01
4.1396338883163453e-01
2.8446175691852016e-01
1.6917785351425679e-01
8.6936531719671903e-02
3.8845725274090109e-02
1.5233647947337120e-02
5.3099330017426219e-03
1.6620842387000628e-03
4.7159618689073018e-04
1.2234557117869478e-04
2.9243254463617384e-05
6.4831556502541504e-06
1.3409292845800751e-06
2.6007825708486753e-07
4.7515508334690645e-08
8.2097771691486402e-09
1.3462811346290451e-09
2.1019902340815353e-10
3.1327822821563209e-11
4.3921415362432376e-12
0.0000000000000000e+00
0.0000000000000000e+00
1.1829358643805998e-11
8.4842684762206118e-11
5.7255664509557098e-10
3.6884062604149109e-09
2.2622569464882200e-08
1.3168169383510127e-07
7.2480606863586691e-07
3.7572910344661429e-06
1.8260285705888236e-05
8.2772339073395243e-05
3.4791372928087732e-04
1.3470375444472240e-03
4.7678238161616964e-03
1.5295182701207255e-02
4.4042779540925468e-02
1.1262916595516960e-01
2.5295620131710383e-01
4.9382136913780023e-01
8.3229151309995619e-01
1.2128120662241397e+00
1.5509936685209742e+00
1.7908067948964423e+00
1.9276622440904758e+00
1.9856859485157352e+00
1.9856662709025257e+00
1.9275979704138240e+00
1.7906874312902956e+00
1.5508169577084194e+00
1.2125966335265808e+00
8.3207448527449268e-01
4.9363744167523510e-01
2.5281432658886549e-01
1.1250314413160685e-01
4.3888964063485920e-02
1.5242139853822063e-02
4.7500438913671483e-03
1.3413722457000907e-03
3.4626407851678914e-04
8.2339542772387378e-05
1.8157847311287471e-05
3.7352474287457138e-06
7.2045177097705323e-07
1.3088454491092269e-07
2.2486111261807941e-08
3.6663905217502902e-09
5.6918582861317485e-10
8.4350137662434262e-11
1.1761480721562739e-11
0.0000000000000000e+00
0.0000000000000000e+00
2.8156538014603468e-11
2.0294074248557492e-10
1.3765833545812435e-09
8.9139959037329436e-09
5.4959336220275865e-08
3.2159171729039041e-07
1.7794770393536442e-06
9.2735073361556937e-06
4.5308317815797450e-05
2.0646800972994676e-04
8.7241555270954369e-04
3.3953993354494589e-03
1.2079504005125910e-02
3.8943648257192508e-02
1.1267115065519390e-01
2.8940277518335800e-01
6.5253927917735444e-01
1.2780738183373870e+00
2.1592947622097447e+00
3.1509676174335337e+00
4.0315503734436815e+00
4.6545531448744839e+00
5.0089872059253624e+00
5.1588377577121154e+00
5.1588263049504084e+00
5.0089524051495919e+00
4.6544957544644774e+00
4.0314755106396358e+00
3.1508835982033294e+00
2.1592086585997414e+00
1.2779888279868303e+00
6.5244480219004053e-01
2.8923119347581988e-01
1.1252883187929651e-01
3.8895326087366532e-02
1.2063055723949218e-02
3.3900640318969750e-03
8.7084249622047002e-04
2.0605267616551933e-04
4.5209840803408594e-05
9.2523404024297279e-06
1.7753065552832022e-06
3.2083028247453148e-07
5.4829225447928429e-08
8.8930037122721460e-09
1.3733609503267814e-09
2.0246722092048141e-10
2.8090729075078054e-11
0.0000000000000000e+00
0.0000000000000000e+00
5.9364699774138167e-11
4.2972617138153609e-10
2.9280661284310172e-09
1.9046993712978545e-08
1.1797429939339606e-07
6.9351697975338645e-07
3.8553420933898845e-06
2.0185596591647931e-05
9.9084791231919273e-05
4.5364069114437925e-04
1.9257666985302755e-03
7.5296080353927002e-03
2.6908984400354236e-02
8.7135764530851895e-02
2.5316298985056734e-01
6.5281999986223160e-01
1.4771361347173122e+00
2.9016171236211115e+00
4.9128356395818047e+00
7.1780921697963986e+00
9.1879929935595435e+00
1.0606985271149879e+01
1.1412000806681421e+01
1.1751472661778292e+01
1.1751489514886631e+01
1.1412064000697637e+01
1.0607125245653728e+01
9.1882317934520934e+00
7.1784060646758503e+00
4.9131480496361490e+00
2.9018490911091526e+00
1.4772537830085326e+00
6.5281789223252196e-01
2.5314726577219560e-01
8.7125401869818750e-02
2.6903800249146074e-02
7.5275060925642095e-03
1.9250596932122391e-03
4.5343796618170783e-04
9.9033935705617994e-05
2.0174182339333255e-05
3.8530062619245398e-06
6.9307418061367020e-07
1.1789551031408274e-07
1.9033693714203843e-08
2.9259186238859934e-09
4.2939266596108113e-10
5.9315676926446416e-11
0.0000000000000000e+00
0.0000000000000000e+00
1.1000108536437874e-10
7.9909321699979550e-10
5.4650210718559925e-09
3.5682925960285595e-08
2.2184998584912511e-07
1.3091231671046947e-06
7.3054881518698788e-06
3.8397215009411844e-05
1.8920925020212418e-04
8.6961154891181125e-04
3.7058614694068324e-03
1.4545061724439170e-02
5.2176083056139314e-02
1.6957342063976705e-01
4.9440274941577322e-01
1.2790624543509435e+00
2.9026051497778536e+00
5.7156673871506944e+00
9.6948193246147323e+00
1.4179773557103713e+01
1.8156431823637782e+01
2.0958945345993193e+01
2.2545073063435911e+01
2.3212460674976292e+01
2.3212518554574000e+01
2.2545277295501414e+01
2.0959366771020623e+01
1.8157114562327504e+01
1.4180648323403613e+01
9.6956934808875967e+00
5.7163477011438726e+00
2.9030208926226915e+00
1.2792600526777269e+00
4.9448025967572501e-01
1.6959883691953592e-01
5.2183064783504353e-02
1.4546671287150717e-02
3.7061701501633418e-03
8.6965852740677899e-04
1.8921379719134945e-04
3.8396962352723006e-05
7.3052068477762345e-06
1.3090277657393148e-06
2.2182537094227789e-07
3.5677432644268838e-08
5.4639122757055535e-09
7.9888665774009390e-10
1.0996605122777261e-10
0.0000000000000000e+00
0.0000000000000000e+00
1.7845331805810461e-10
1.2997030124719080e-09
8.9126676154290890e-09
5.8352431599721866e-08
3.6379102156886166e-07
2.1526704914834732e-06
1.2046470209164522e-05
6.3493755343787433e-05
3.1376107806449884e-04
1.4461345985851846e-03
6.1801065872404935e-03
2.4324054609273841e-02
8.7495725237445920e-02
2.8512608600757028e-01
8.3344136859240781e-01
2.1613604881439068e+00
4.9153721459825475e+00
9.6964930100265647e+00
1.6468788588144957e+01
2.4105902501146790e+01
3.0873982877387373e+01
3.5637376543662647e+01
3.8328524989845093e+01
3.9458994305793581e+01
3.9459079092278039e+01
3.8328821811016788e+01
3.5637982981653543e+01
3.0874957774061514e+01
2.4107146617204879e+01
1.6470032619892898e+01
9.6974678808764398e+00
4.9159802976798428e+00
2.1616683836407877e+00
8.3357110548093238e-01
2.8517251793239823e-01
8.7510079331832968e-02
2.4327941524799293e-02
6.1810380614282364e-03
1.4463332178059395e-03
3.1379870969779105e-04
6.3500010877656901e-05
1.2047348893312971e-05
2.1527629135617391e-06
3.6379400590772913e-07
5.8350591604825315e-08
8.9119856741794259e-09
1.2995381492081169e-09
1.7842113877197798e-10
0.0000000000000000e+00
0.0000000000000000e+00
2.5430196814100037e-10
1.8549346386722793e-09
1.2740314180474552e-08
8.3546118913854877e-08
5.2169895545758132e-07
3.0920847136251941e-06
1.7331806917112339e-05
9.1501570378484031e-05
4.5291004569825773e-04
2.0909172263121468e-03
8.9502782645675977e-03
3.5284381956064398e-02
1.2712406014373859e-01
4.1490958167941933e-01
1.2146138375269941e+00
3.1542330115238806e+00
7.1822942697240491e+00
1.4183139572654069e+01
2.4107447655049153e+01
3.5302423453944733e+01
4.5220509891481250e+01
5.2195471639255352e+01
5.6132015660661018e+01
5.7784036881687378e+01
5.7784124925742738e+01
5.6132323414588306e+01
5.2196099189559959e+01
4.5221517169443423e+01
3.5303707864552869e+01
2.4108732176795034e+01
1.4184147630702199e+01
7.1829256044607517e+00
3.1545557874917147e+00
1.2147516669562339e+00
4.1495972588871233e-01
1.2713985999894886e-01
3.5288749091231475e-02
8.9513467444481999e-03
2.0911497190897990e-03
4.5295499486855135e-04
9.1509214043573495e-05
1.7332916601760437e-05
3.0922104323124585e-06
5.2170593055797918e-07
8.3544623644011253e-08
1.2739636508985114e-08
1.8547630862295449e-09
2.5426788447184836e-10
0.0000000000000000e+00
0.0000000000000000e+00
3.2265396413418411e-10
2.3548496153077972e-09
1.6183434714421945e-08
1.0618747876953999e-07
6.6347328986929802e-07
3.9346944873173924e-06
2.2067798563052880e-05
1.1657306397629961e-04
5.7734383384303414e-04
2.6669203739128986e-03
1.1422394719243173e-02
4.5055322345090937e-02
1.6241575419509729e-01
5.3037396060554520e-01
1.5534009213256617e+00
4.0358912203061061e+00
9.1936238210306822e+00
1.8161142277265782e+01
3.0876606823113320e+01
4.5221442314659534e+01
5.7928831653953431e+01
6.6863110408494421e+01
7.1903744946535070e+01
7.4018426562138472e+01
7.4018495974137878e+01
7.1903987900913279e+01
6.6863606660338917e+01
5.7929629227176591e+01
4.5222460031107829e+01
3.0877624662928206e+01
1.8161940600632875e+01
9.1941233493566230e+00
4.0361464331556700e+00
1.5535098198824624e+00
5.3041352769621186e-01
1.6242818711747548e-01
4.5058740074368775e-02
1.1423222607607926e-02
2.6670974517637616e-03
5.7737708625476940e-04
1.1657843278589839e-04
2.2068499403674382e-05
3.9347522711249316e-06
6.6346985217407140e-07
1.0618452055972189e-07
1.6182571225895543e-08
2.3546573655792092e-09
3.2261800036213026e-10
0.0000000000000000e+00
0.0000000000000000e+00
3.7295233716741281e-10
2.7218436250420730e-09
1.8704726918385676e-08
1.2272471815048410e-07
7.6675676739938037e-07
4.5469272177383726e-06
2.5499765717263248e-05
1.3469237165776536e-04
6.6702853229707606e-04
3.0809355466085435e-03
1.3194416232116445e-02
5.2040037990532563e-02
1.8757570024192657e-01
6.1247244737690265e-01
1.7936749588688219e+00
4.6596855301480193e+00
1.0613626508522870e+01
2.0964549195511612e+01
3.5640639792294941e+01
5.2196871603861446e+01
6.6863519232827585e+01
7.7175893114324467e+01
8.2994472205449142e+01
8.5435680785258810e+01
8.5435723666802105e+01
8.2994622803170813e+01
7.7176202009389613e+01
6.6864017293365407e+01
5.2197508216180509e+01
3.5641276479606262e+01
2.0965047710116153e+01
1.0613937384077502e+01
4.6598435565735645e+00
1.7937419125329208e+00
6.1249653607720655e-01
1.8758316517151530e-01
5.2042049386145796e-02
1.3194889169080563e-02
3.0810321101125467e-03
6.6704528945404332e-04
1.3469468345668373e-04
2.5499955689029834e-05
4.5469088792741220e-06
7.6674350385796608e-07
1.2272074727482216e-07
1.8703806374924160e-08
2.7216589404218391e-09
3.7291971733724531e-10
0.0000000000000000e+00
0.0000000000000000e+00
4.0312070896449535e-10
2.9412525236920967e-09
2.0206990001401013e-08
1.3254420945994338e-07
8.2787039638804508e-07
4.9079082691399361e-06
2.7516054749219226e-05
1.4529898289862957e-04
7.1933623952529359e-04
3.3215198532675289e-03
1.4220354866599977e-02
5.6069144499769907e-02
2.0203661046105989e-01
6.5949239825025086e-01
1.9308180939573663e+00
5.0145984379214381e+00
1.1419232518726430e+01
2.2551175757361872e+01
3.8332117182249277e+01
5.6133622846605277e+01
7.1904307949209738e+01
8.2994612886202475e+01
8.9253377238663461e+01
9.1879750221874232e+01
9.1879770943681081e+01
8.9253450347493484e+01
8.2994763692647297e+01
7.1904552162610727e+01
5.6133935699279974e+01
3.8332430066284552e+01
2.2551420168750290e+01
1.1419384220391088e+01
5.0146749912437087e+00
1.9308501895577521e+00
6.5950377515959502e-01
2.0204006180531042e-01
5.6070045666811182e-02
1.4220556624498164e-02
3.3215577375111066e-03
7.1934178350598814e-04
1.4529942996912570e-04
2.7515986020169444e-05
4.9078639593979719e-06
8.2785671631687900e-07
1.3254089649699866e-07
2.0206293912151629e-08
2.9411205376530163e-09
4.0309820324591859e-10
0.0000000000000000e+00
0.0000000000000000e+00
4.1651458036364754e-10
3.0383772188209306e-09
2.0869932888460560e-08
1.3686386109193412e-07
8.5466853266432353e-07
5.0656825017354613e-06
2.8394408789588056e-05
1.4990410179007709e-04
7.4197030567833638e-04
3.4252694584950560e-03
1.4661273253137978e-02
5.7794850260873352e-02
2.0820951606964486e-01
6.7949760061530040e-01
1.9889821853672112e+00
5.1646733102970925e+00
1.1758970184013412e+01
2.3218778663854966e+01
3.9462721032727970e+01
5.7785720262540657e+01
7.4019038436460292e+01
8.5435861514271139e+01
9.1879788565186814e+01
9.4584208365837483e+01
9.4584214219844256e+01
9.1879809297270711e+01
8.5435904478002186e+01
7.4019108254980637e+01
5.7785809866149634e+01
3.9462810644035088e+01
2.3218848532995263e+01
1.1759013385008993e+01
5.1646949791189058e+00
1.9889911893955226e+00
6.7950075106886110e-01
2.0821045359020934e-01
5.7795087859891819e-02
1.4661323841617132e-02
3.4252780649772926e-03
7.4197126342667686e-04
1.4990406871205511e-04
2.8394351242423879e-05
5.0656615719537058e-06
8.5466294355687820e-07
1.3686259458992990e-07
2.0869676657830930e-08
3.0383297938210184e-09
4.1650662350412296e-10
0.0000000000000000e+00
0.0000000000000000e+00
4.1650664785821046e-10
3.0383299790020199e-09
2.0869677862793240e-08
1.3686260196147791e-07
8.5466298584382029e-07
5.0656617978035461e-06
2.8394352355696635e-05
1.4990407372227012e-04
7.4197128373396451e-04
3.4252781378003596e-03
1.4661324067161273e-02
5.7795088442505825e-02
2.0821045477676517e-01
6.7950075277292432e-01
1.9889911905832818e+00
5.1646949780711573e+00
1.1759013381473938e+01
2.3218848529187799e+01
3.9462810641472750e+01
5.7785809864854684e+01
7.4019108254423443e+01
8.5435904477761369e+01
9.1879809297139985e+01
9.4584214219747835e+01
9.4584208365755742e+01
9.1879788565122013e+01
8.5435861514240074e+01
7.4019038436501546e+01
5.7785720262722222e+01
3.9462721033119593e+01
2.3218778664411193e+01
1.1758970184442028e+01
5.1646733102541287e+00
1.9889821849694058e+00
6.7949760019626460e-01
2.0820951580028349e-01
5.7794850132593473e-02
1.4661273204037577e-02
3.4252694426690428e-03
7.4197030124839082e-04
1.4990410068920466e-04
2.8394408542650349e-05
5.0656824510880724e-06
8.5466852306756444e-07
1.3686385939785248e-07
2.0869932607988900e-08
3.0383771755958475e-09
4.1651457624353443e-10
0.0000000000000000e+00
0.0000000000000000e+00
4.0309830285727168e-10
2.9411212557916658e-09
2.0206298633155465e-08
1.3254092573505134e-07
8.2785688602644271e-07
4.9078648757323318e-06
2.7515990580527442e-05
1.4529945064962110e-04
7.1934186771645139e-04
3.3215580394762370e-03
1.4220557552375779e-02
5.6070048010427462e-02
2.0204006632292404e-01
6.5950378068897897e-01
1.9308501903375981e+00
5.0146749791971192e+00
1.1419384196447947e+01
2.2551420146103247e+01
3.8332430052118163e+01
5.6133935692510434e+01
7.1904552159851235e+01
8.2994763691524355e+01
8.9253450346915614e+01
9.1879770943263679e+01
9.1879750221513504e+01
8.9253377238347738e+01
8.2994612885944974e+01
7.1904307949025863e+01
5.6133622846504082e+01
3.8332117182227066e+01
2.2551175757388961e+01
1.1419232518738779e+01
5.0145984378624284e+00
1.9308180938532324e+00
6.5949239815789240e-01
2.0203661040498441e-01
5.6069144473650169e-02
1.4220354856670519e-02
3.3215198500628354e-03
7.1933623862267229e-04
1.4529898267221907e-04
2.7516054697848690e-05
4.9079082584670584e-06
8.2787039433741951e-07
1.3254420909263437e-07
2.0206989939720057e-08
2.9412525144743884e-09
4.0312070961266426e-10
0.0000000000000000e+00
0.0000000000000000e+00
3.7292006557416041e-10
2.7216614408314117e-09
1.8703823002127343e-08
1.2272085144778968e-07
7.6674411508028998e-07
4.5469122113488522e-06
2.5499972401934857e-05
1.3469475963662106e-04
6.6704559996319751e-04
3.0810332171802663e-03
1.3194892511397500e-02
5.2042057480920403e-02
1.8758317919302164e-01
6.1249654714040991e-01
1.7937418913206136e+00
4.6598434684164447e+00
1.0613937243693787e+01
2.0965047589693242e+01
3.5641276409169912e+01
5.2197508184384766e+01
6.6864017281206358e+01
7.7176202004900659e+01
8.2994622801158314e+01
8.5435723665499779e+01
8.5435680784190254e+01
8.2994472204540386e+01
7.7175893113602982e+01
6.6863519232319661e+01
5.2196871603555188e+01
3.5640639792140128e+01
2.0964549195441503e+01
1.0613626508483236e+01
4.6596855301115374e+00
1.7936749588349294e+00
6.1247244735247386e-01
1.8757570022831327e-01
5.2040037984423831e-02
1.3194416229824967e-02
3.0809355458686731e-03
6.6702853208677184e-04
1.3469237160420997e-04
2.5499765704873955e-05
4.5469272151054952e-06
7.6675676688068566e-07
1.2272471805504414e-07
1.8704726901943562e-08
2.7218436228782756e-09
3.7295233858011467e-10
0.0000000000000000e+00
0.0000000000000000e+00
3.2261906647500550e-10
2.3546650737646531e-09
1.6182623053255267e-08
1.0618484869692142e-07
6.6347179569751093e-07
3.9347629491173134e-06
2.2068553250007750e-05
1.1657867863358773e-04
5.7737808410265456e-04
2.6671009589391693e-03
1.1423232845421830e-02
4.5058762973066775e-02
1.6242821809454713e-01
5.3041351530923042e-01
1.5535096302330687e+00
4.0361459289851043e+00
9.1941226303318402e+00
1.8161940031826877e+01
3.0877624351067471e+01
4.5222459897794529e+01
5.7929629178904484e+01
6.6863606643781935e+01
7.1903987894243983e+01
7.4018495970220272e+01
7.4018426559077767e+01
7.1903744944007130e+01
6.6863110406563223e+01
5.7928831652687222e+01
4.5221442313998658e+01
3.0876606822873907e+01
1.8161142277227658e+01
9.1936238210425838e+00
4.0358912203108126e+00
1.5534009213197377e+00
5.3037396059768005e-01
1.6241575418976933e-01
4.5055322342460458e-02
1.1422394718192386e-02
2.6669203735557511e-03
5.7734383373659150e-04
1.1657306394791040e-04
2.2067798556176064e-05
3.9346944857872561e-06
6.6347328955374913e-07
1.0618747870879635e-07
1.6183434703495481e-08
2.3548496138964753e-09
3.2265396528371028e-10
0.0000000000000000e+00
0.0000000000000000e+00
2.5427071505651398e-10
1.8547837361792194e-09
1.2739776735134778e-08
8.3545519472803813e-08
5.2171127645172357e-07
3.0922399599438696e-06
1.7333065800154752e-05
9.1509893076163079e-05
4.5295771855780102e-04
2.0911590307259088e-03
8.9513722855177821e-03
3.5288797463568701e-02
1.2713988281510724e-01
4.1495948610064765e-01
1.2147506282195955e+00
3.1545534341494204e+00
7.1829223762714571e+00
1.4184145266658533e+01
2.4108730967395900e+01
3.5303707375744395e+01
4.5221517000756243e+01
5.2196099134389314e+01
5.6132323393441595e+01
5.7784124913743675e+01
5.7784036872414561e+01
5.6132015653006640e+01
5.2195471633406562e+01
4.5220509887671682e+01
3.5302423452016697e+01
2.4107447654442733e+01
1.4183139572680926e+01
7.1822942698974117e+00
3.1542330116479600e+00
1.2146138375823177e+00
4.1490958169648218e-01
1.2712406014687497e-01
3.5284381955887657e-02
8.9502782641291793e-03
2.0909172260858704e-03
4.5291004561509297e-04
9.1501570353223638e-05
1.7331806910415388e-05
3.0920847120313699e-06
5.2169895511113870e-07
8.3546118844260374e-08
1.2740314167483839e-08
1.8549346367503247e-09
2.5430196878566306e-10
0.0000000000000000e+00
0.0000000000000000e+00
1.7842751929798891e-10
1.2995850855353147e-09
8.9123070043556247e-09
5.8352658504667878e-08
3.6380640066673298e-07
2.1528315089610346e-06
1.2047694601655951e-05
6.3501568677501737e-05
3.1380481599659635e-04
1.4463530821638073e-03
6.1810863981740204e-03
2.4327999138527227e-02
8.7509913710957635e-02
2.8517126717917479e-01
8.3356695026686656e-01
2.1616594034866083e+00
4.9159674702921965e+00
9.6974593186819309e+00
1.6470028599905401e+01
2.4107145092454733e+01
3.0874957271551452e+01
3.5637982821782735e+01
3.8328821749487524e+01
3.9459079056213575e+01
3.9458994277065699e+01
3.8328524965477648e+01
3.5637376524343864e+01
3.0873982864016270e+01
2.4105902493536156e+01
1.6468788584871465e+01
9.6964930091600472e+00
4.9153721460171171e+00
2.1613604883303554e+00
8.3344136871335817e-01
2.8512608605919293e-01
8.7495725254240042e-02
2.4324054613554073e-02
6.1801065880531776e-03
1.4461345986676829e-03
3.1376107804918964e-04
6.3493755331891390e-05
1.2046470204828530e-05
2.1526704902612043e-06
3.6379102127340805e-07
5.8352431535874607e-08
8.9126676028480375e-09
1.2997030104231764e-09
1.7845331824631622e-10
0.0000000000000000e+00
0.0000000000000000e+00
1.0997791153007129e-10
7.9897445820051914e-10
5.4645167159912916e-09
3.5681335698236805e-08
2.2184880821830708e-07
1.3091571461670365e-06
7.3058532598488801e-06
3.8399819600879674e-05
1.8922456221275128e-04
8.6969060985179266e-04
3.7062302373014346e-03
1.4546634061749034e-02
5.2182200129338129e-02
1.6959480354199047e-01
4.9446818781220037e-01
1.2792327538383264e+00
2.9029741725972484e+00
5.7163209508428050e+00
9.6956823954027112e+00
1.4180644435625195e+01
1.8157113341105955e+01
2.0959366388804632e+01
2.2545277143333479e+01
2.3212518459761277e+01
2.3212460596303814e+01
2.2545072994726276e+01
2.0958945289525790e+01
1.8156431782329690e+01
1.4179773531262843e+01
9.6948193112426537e+00
5.7156673815853560e+00
2.9026051479839219e+00
1.2790624539457280e+00
4.9440274938045736e-01
1.6957342065969214e-01
5.2176083069157005e-02
1.4545061729150648e-02
3.7058614706667954e-03
8.6961154916988855e-04
1.8920925023868573e-04
3.8397215010497320e-05
7.3054881504140866e-06
1.3091231664624572e-06
2.2184998566124595e-07
3.5682925914992725e-08
5.4650210622573606e-09
7.9909321527661347e-10
1.1000108503849562e-10
0.0000000000000000e+00
0.0000000000000000e+00
5.9333205710223554e-11
4.2952283163028668e-10
2.9268163994818558e-09
1.9039489773880253e-08
1.1793019898706168e-07
6.9326410176178607e-07
3.8539397491301370e-06
2.0178181780436175e-05
9.9048084698984565e-05
4.5347406177802902e-04
1.9250886930251927e-03
7.5271959950065272e-03
2.6901681210679936e-02
8.7117430829812700e-02
2.5312541492737051e-01
6.5275774500304029e-01
1.4770789709545664e+00
2.9017815300054082e+00
4.9131244751619008e+00
7.1783984929796611e+00
9.1882295228700741e+00
1.0607124540980070e+01
1.1412063707507279e+01
1.1751489320881188e+01
1.1751472495294783e+01
1.1412000658138590e+01
1.0606985146004307e+01
9.1879928986501316e+00
7.1780921070573021e+00
4.9128356041286496e+00
2.9016171066116772e+00
1.4771361277761905e+00
6.5281999743929897e-01
2.5316298912277818e-01
8.7135764342050212e-02
2.6908984358102211e-02
7.5296080273171816e-03
1.9257666972501020e-03
4.5364069098983138e-04
9.9084791222415144e-05
2.0185596593111271e-05
3.8553420940318770e-06
6.9351697988334883e-07
1.1797429940942003e-07
1.9046993713209179e-08
2.9280661278917223e-09
4.2972617119331063e-10
5.9364699711205154e-11
0.0000000000000000e+00
0.0000000000000000e+00
2.8110510688340923e-11
2.0261386667252946e-10
1.3743690866318938e-09
8.8994758058275390e-09
5.4867606433986647e-08
3.2103732083544325e-07
1.7762993683328624e-06
9.2564111953977718e-06
4.5222990925937681e-05
2.0607806429782200e-04
8.7080657305376125e-04
3.3894882213798818e-03
1.2060365711669702e-02
3.8888849707125979e-02
1.1252703597050338e-01
2.8903002853573806e-01
6.5211748552898607e-01
1.2778862820404078e+00
2.1591760375117466e+00
3.1508735952589557e+00
4.0314725795297015e+00
4.6544948459137565e+00
5.0089520165128736e+00
5.1588260393687460e+00
5.1588375260015802e+00
5.0089869970674261e+00
4.6545529669794190e+00
4.0315502366434535e+00
3.1509675253421965e+00
2.1592947088330301e+00
1.2780737917909593e+00
6.5253926779115756e-01
2.8940277093346606e-01
1.1267114926080232e-01
3.8943647851105274e-02
1.2079503899234689e-02
3.3953993105416093e-03
8.7241554739221270e-04
2.0646800869486781e-04
4.5308317631477361e-05
9.2735073060843503e-06
1.7794770348615530e-06
3.2159171667820953e-07
5.4959336144812138e-08
8.9139958954663570e-09
1.3765833538033440e-09
2.0294074241821947e-10
2.8156538008583900e-11
0.0000000000000000e+00
0.0000000000000000e+00
1.1778055774185158e-11
8.4472040882684595e-11
5.7001568399213830e-10
3.6716533723362390e-09
2.2516830661452870e-08
1.3104668769905796e-07
7.2120437333676257e-07
3.7381648716474612e-06
1.8166150707510628e-05
8.2347808484361832e-05
3.4618115181768341e-04
1.3407169670724430e-03
4.7473908366200655e-03
1.5236414234025716e-02
4.3887293576286519e-02
1.1223423646220219e-01
2.5266291430195992e-01
4.9357284442351357e-01
8.3205053356326142e-01
1.2125887424281931e+00
1.5508145683115484e+00
1.7906866827043377e+00
1.9275976522134646e+00
1.9856660554007253e+00
1.9856857608929861e+00
1.9276620746214779e+00
1.7908066499359157e+00
1.5509935563744430e+00
1.2128119901241257e+00
8.3229146851560765e-01
4.9382134664124988e-01
2.5295619148285992e-01
1.1262916219454876e-01
4.4042778269398258e-02
1.5295182317093500e-02
4.7678237114943652e-03
1.3470375184999883e-03
3.4791372338449698e-04
8.2772337836885935e-05
1.8260285465174653e-05
3.7572909907346060e-06
7.2480606118582844e-07
1.3168169263973206e-07
2.2622569283489783e-08
3.6884062342785450e-09
5.7255664150351198e-10
8.4842684287748127e-11
1.1829358601708638e-11
0.0000000000000000e+00
0.0000000000000000e+00
4.4026462042520556e-12
3.1404043196355989e-11
2.1070969089438211e-10
1.3494590207153526e-09
8.2278935029168325e-09
4.7608130657202858e-08
2.6048776752195602e-07
1.3423774935132533e-06
6.4862873366485467e-06
2.9238280658050210e-05
1.2224776934036002e-04
4.7098393878578339e-04
1.6594801942775158e-03
5.3014418238358082e-03
1.5207401498893694e-02
3.8764470019130436e-02
8.6876286651462700e-02
1.6914695973504221e-01
2.8444902906812025e-01
4.1395894489939722e-01
5.2918665865838921e-01
6.1111886479934219e-01
6.5804495102226790e-01
6.7801451029335091e-01
6.7802933773705443e-01
6.5809393533876859e-01
6.1121146691470996e-01
5.2932655427934872e-01
4.1413370489264095e-01
2.8463295816517586e-01
1.6932012919457104e-01
8.7039170898989007e-02
3.8918690822253771e-02
1.5291207060313675e-02
5.3374878214228110e-03
1.6727253310504695e-03
4.7520238549781865e-04
1.2342761048352992e-04
2.9532296897397995e-05
6.5525013546160708e-06
1.3560278388362028e-06
2.6309299960991844e-07
4.8072937962030209e-08
8.3060583440176160e-09
1.3619352576828307e-09
2.1261076648941029e-10
3.1681812943653116e-11
4.4410510092319662e-12
0.0000000000000000e+00
0.0000000000000000e+00
1.4811994756590835e-12
1.0504544793839790e-11
7.0058108115160610e-11
4.4595956315968098e-10
2.7025625432123220e-09
1.5542405088134957e-08
8.4525032830151072e-08
4.3297233960882537e-07
2.0797676387898291e-06
9.3211896483798209e-06
3.8757241497315426e-05
1.4853388604741966e-04
5.2075781932474472e-04
1.6559891987236524e-03
4.7302378793812596e-03
1.2009141060527327e-02
2.6798722003681243e-02
5.1997488451037979e-02
8.7222156495828720e-02
1.2675030587194222e-01
1.6195747888744763e-01
1.8705930244086336e-01
2.0148827113370293e-01
2.0765027469538919e-01
2.0765811276815310e-01
2.0151423487445461e-01
1.8710856988777888e-01
1.6203211355304203e-01
1.2684344543625312e-01
8.7319096455016718e-02
5.2085299907464959e-02
2.6873501297580208e-02
1.2069626646847532e-02
4.7658245364288242e-03
1.6724739155845273e-03
5.2709402631155589e-04
1.5061264514905091e-04
3.9351987196303202e-05
9.4723188951861977e-06
2.1144154226771455e-06
4.4023551275443986e-07
8.5933114818457135e-08
1.5797286406327714e-08
2.7459888452846135e-09
4.5297086195395797e-10
7.1136821237280086e-11
1.0663381360292808e-11
1.5032849631084154e-12
0.0000000000000000e+00
0.0000000000000000e+00
4.5238510958810792e-13
3.1891638306754396e-12
2.1137561830341753e-11
1.3371360533594346e-10
8.0526257707551534e-10
4.6022498270189802e-09
2.4874211931269996e-08
1.2664094131368055e-07
6.0469383044018563e-07
2.6944862095598787e-06
1.1141373988506912e-05
4.2472452904006964e-05
1.4816268854682407e-04
4.6892856845910023e-04
1.3334716269622294e-03
3.3706820581241889e-03
7.4897093523038976e-03
1.4481214081113577e-02
2.4228610264865801e-02
3.5156613968410716e-02
4.4900949549210312e-02
5.1867774845102320e-02
5.5887337235831211e-02
5.7610195817941828e-02
5.7613457317225253e-02
5.5898141259196017e-02
5.1888275349016619e-02
4.4931992698701621e-02
3.5195282553519433e-02
2.4268593544332185e-02
1.4516697585659445e-02
7.5184307028902360e-03
3.3922011210499817e-03
1.3463398037258296e-03
4.7509239942332833e-04
1.5060171438645184e-04
4.3292200318087657e-05
1.1380922295843053e-05
2.7565517927133902e-06
6.1918625600645603e-07
1.2973245419608328e-07
2.5483562236760199e-08
4.7142815605658431e-09
8.2462797134633326e-10
1.3688161473352726e-10
2.1630738220840102e-11
3.2625331429161464e-12
4.6267435942375658e-13
0.0000000000000000e+00
0.0000000000000000e+00
1.2643035837842859e-13
8.8589586700363172e-13
5.8347162704309341e-12
3.6677032117231774e-11
2.1949094749151798e-10
1.2466005076316669e-09
6.6959880515619697e-09
3.3883828082611579e-08
1.6083010418078661e-07
7.1252029357426111e-07
2.9298060008412376e-06
1.1109238330759562e-05
3.8555981487515304e-05
1.2143014752938646e-04
3.4367282926522436e-04
8.6473817503776433e-04
1.9131804634217214e-03
3.6858671152537677e-03
6.1506930906606826e-03
8.9114700039726637e-03
1.1376020581995362e-02
1.3143060473188311e-02
1.4166420064172477e-02
1.4606682740649657e-02
1.4607812077722994e-02
1.4170156796283181e-02
1.3150138955587908e-02
1.1386720257682880e-02
8.9247690746898298e-03
6.1643823584666959e-03
3.6978635862825069e-03
1.9226031510939661e-03
8.7149726391224551e-04
3.4770610117153066e-04
1.2339231729823505e-04
3.9347607156089112e-05
1.1380565412264173e-05
3.0106270186125657e-06
7.3385505348714356e-07
1.6590312145940784e-07
3.4985209450954222e-08
6.9167774642104627e-09
1.2878520876439752e-09
2.2673028644617406e-10
3.7878094544252125e-11
6.0241177217633451e-12
9.1440382949433279e-13
1.3046907621372172e-13
0.0000000000000000e+00
0.0000000000000000e+00
3.2569812289727358e-14
2.2682856002800995e-13
1.4845247518563649e-12
9.2729233040454091e-12
5.5145232535051671e-11
3.1125150339383411e-10
1.6615995581345477e-09
8.3575274203067242e-09
3.9435142403788277e-08
1.7370423464747271e-07
7.1026676546564888e-07
2.6786134374028400e-06
9.2476329164808502e-06
2.8976227096771125e-05
8.1601662838903604e-05
2.0434392111707392e-04
4.5011656440239214e-04
8.6402972357875409e-04
1.4380049963267068e-03
2.0802957739257054e-03
2.6543270432898311e-03
3.0670670129720880e-03
3.3070091256576103e-03
3.4106220009354057e-03
3.4109591582612126e-03
3.3081227590784786e-03
3.0691712602110678e-03
2.6574999704427164e-03
2.0842304176883859e-03
1.4420411301707039e-03
8.6753630418411672e-04
4.5281581072084822e-04
2.0622503578982069e-04
8.2715648731832166e-05
2.9522114321512705e-05
9.4709083976296776e-06
2.7563980277419760e-06
7.3384149189221614e-07
1.8003817228779549e-07
4.0967971590323434e-08
8.6961155876268217e-09
1.7306227247699861e-09
3.2435663316527670e-10
5.7480433605990361e-11
9.6659384474668258e-12
1.5473316176782471e-12
2.3639851724339960e-13
3.3940389352824096e-14
0.0000000000000000e+00
0.0000000000000000e+00
7.7848149510310210e-15
5.3887747250201290e-14
3.5046554384661466e-13
2.1754443049672692e-12
1.2856762425231710e-11
7.2119791396278445e-11
3.8266945401092286e-10
1.9132518691806458e-09
8.9747629647298920e-09
3.9304910763188979e-08
1.5981085958935837e-07
5.9936532823890717e-07
2.0580373110058364e-06
6.4143170336148595e-06
1.7970245898422530e-05
4.4778660480899909e-05
9.8196027117160073e-05
1.8780133412249787e-04
3.1172253252926565e-04
4.5026355739546524e-04
5.7422251173930175e-04
6.6360445260072527e-04
7.1576323414512149e-04
7.3837094139444777e-04
7.3845992143530047e-04
7.1605652653799524e-04
6.6415698935586302e-04
5.7505330896213155e-04
4.5129135104524819e-04
3.1277386345887311e-04
1.8870889776405228e-04
9.8884343612219675e-05
4.5248137345332831e-05
1.8245719158525644e-05
6.5497160019032066e-06
2.1139839300380224e-06
6.1912836379817175e-07
1.6589552851324606e-07
4.0967040808575009e-08
9.3838385279128107e-09
2.0051386910955516e-09
4.0171023510588420e-10
7.5792532248522659e-11
1.3521146541420458e-11
2.2888649481530233e-12
3.6883477694548521e-13
5.6721674476317754e-14
8.1952252350874718e-15
0.0000000000000000e+00
0.0000000000000000e+00
1.7365161129273819e-15
1.1948108522792913e-14
7.7222339853232523e-14
4.7637099405570441e-13
2.7980120327736908e-12
1.5599828039762818e-11
8.2275073612821143e-11
4.0891305343298936e-10
1.9069205751247476e-09
8.3031365871318793e-09
3.3567456479389062e-08
1.2518345936965229e-07
4.2744181010084919e-07
1.3248828471994686e-06
3.6919033553414353e-06
9.1530738275706966e-06
1.9981248655113437e-05
3.8072837148998849e-05
6.3025580464478798e-05
9.0896193353658597e-05
1.1586150637452626e-04
1.3391381589977116e-04
1.4448808737735811e-04
1.4908843786339706e-04
1.4910958491539924e-04
1.4455763379534327e-04
1.3404441055555561e-04
1.1605727237726597e-04
9.1137797032325832e-05
6.3272121630366030e-05
3.8284606830932456e-05
2.0140007870073493e-05
9.2595036098861869e-06
3.7537599881077774e-06
1.3553055171258449e-06
4.4011048936325189e-07
1.2971260447072346e-07
3.4982003534240885e-08
8.6955878505807874e-09
2.0050693367138575e-09
4.3131671158210565e-10
8.6991625265674311e-11
1.6523674254296384e-11
2.9676126890712292e-12
5.0573289330594655e-13
8.2040980988025347e-14
1.2700775520989918e-14
1.8467444376681501e-15
0.0000000000000000e+00
0.0000000000000000e+00
3.6336077786972797e-16
2.4852006442263342e-15
1.5963202723772273e-14
9.7869951335160890e-14
5.7134819442435309e-13
3.1662270956117106e-12
1.6599204717829506e-11
8.2011088171302582e-11
3.8020720478042173e-10
1.6458681748874655e-09
6.6153043714982895e-09
2.4528252732142871e-08
8.3271860971527760e-08
2.5664480301956165e-07
7.1123725072155178e-07
1.7542474232281801e-06
3.8120715084496359e-06
7.2365950226379490e-06
1.1947192813196747e-05
1.7203748431340030e-05
2.1917604094580518e-05
2.5335706404844376e-05
2.7345400469649446e-05
2.8222938120629836e-05
2.8227528712438057e-05
2.7360461814478605e-05
2.5363892704974085e-05
2.1959722887411664e-05
1.7255604482090359e-05
1.1999996991097774e-05
7.2817714997522029e-06
3.8456235971723949e-06
1.7764178504863496e-06
7.2400238090390986e-07
2.6291771229425103e-07
8.5899743548002751e-08
2.5477574048033460e-08
6.9156862007072193e-09
1.7304209689815478e-09
4.0167620897725458e-10
8.6987476101265356e-11
1.7662921202281610e-11
3.3776952153037050e-12
6.1072917755069522e-13
1.0478161029724862e-13
1.7112309860581340e-14
2.6669012383232172e-15
3.9026867644292996e-16
0.0000000000000000e+00
0.0000000000000000e+00
7.1645900520993671e-17
4.8712818796072841e-16
3.1098687408497744e-15
1.8950591072761868e-14
1.0996209938887309e-13
6.0571979412526600e-13
3.1566239566379885e-12
1.5503502507150958e-11
7.1451362996277650e-11
3.0748465314265564e-10
1.2286165652527524e-09
4.5286642224137475e-09
1.5284338545103886e-08
4.6833912697662478e-08
1.2906513827737425e-07
3.1667932389805629e-07
6.8500713602797904e-07
1.2955297890211363e-06
2.1330951694478717e-06
3.0668720902670771e-06
3.9051637319685069e-06
4.5147055180496176e-06
4.8744210680532793e-06
5.0320627035293689e-06
5.0329831063874018e-06
4.8774335089465077e-06
4.5203235031803985e-06
3.9135316593067094e-06
3.0771501020616102e-06
2.1435415256860019e-06
1.3044383929317279e-06
6.9157285370687310e-07
3.2096484323894485e-07
1.3151060994711280e-07
4.8033479046726785e-08
1.5789185826030318e-08
4.7126984308512846e-09
1.2875413333624619e-09
3.2429556500563020e-10
7.5781241619319115e-11
1.6521891917323480e-11
3.3774976557767252e-12
6.5026084493080828e-13
1.1837234824457433e-13
2.0446397877379066e-14
3.3617302253843116e-15
5.2743541012033115e-16
7.7680941256188419e-17
0.0000000000000000e+00
0.0000000000000000e+00
1.3365093417599068e-17
9.0339216388017031e-17
5.7324158404443320e-16
3.4720773403158779e-15
2.0025981024874455e-14
1.0965271031504759e-13
5.6803835425272317e-13
2.7733078699128917e-12
1.2705531377950852e-11
5.4351867279811947e-11
2.1587727024730125e-10
7.9095793543004172e-10
2.6535679653569056e-09
8.0832343402448884e-09
2.2149995518789911e-08
5.4063800492190295e-08
1.1640888492049341e-07
2.1934163021966570e-07
3.6017975144997978e-07
5.1705217147515862e-07
6.5803540937082499e-07
7.6082762466281877e-07
8.2171230098022448e-07
8.4849006271874415e-07
8.4866202127165332e-07
8.2227373628402515e-07
7.6187098392170075e-07
6.5958444453355040e-07
5.1895034949358475e-07
3.6210580265514396e-07
2.2097989144986360e-07
1.1760871265033900e-07
5.4838779811670352e-08
2.2588538125884991e-08
8.2978348251757659e-09
2.7441999073565160e-09
8.2425677212152739e-10
2.2665379541850840e-10
5.7464830284070028e-11
1.3518123130593169e-11
2.9670865954687830e-12
6.1065278347292533e-13
1.1836459890990731e-13
2.1693026791251149e-14
3.7724100253485401e-15
6.2443933556402713e-16
9.8629822938962139e-17
1.4619902813628770e-17
0.0000000000000000e+00
0.0000000000000000e+00
2.3670846982493946e-18
1.5907121978201440e-17
1.0033070288076311e-16
6.0404749652646861e-16
3.4631324491680751e-15
1.8849269447511753e-14
9.7063381559594243e-14
4.7106006017298983e-13
2.1451794642318327e-12
9.1214752755453747e-12
3.6009996751380888e-11
1.3113750674203493e-10
4.3729254141253719e-10
1.3241718082939207e-09
3.6079481123666988e-09
8.7602027199548245e-09
1.8776036721641082e-08
3.5247582056641210e-08
5.7725753841823246e-08
8.2740304522854250e-08
1.0524505152137807e-07
1.2169766862136158e-07
1.3147801859205424e-07
1.3579472866820216e-07
1.3582488036165242e-07
1.3157622115854534e-07
1.2187952458232983e-07
1.0551417253163856e-07
8.3069329723921172e-08
5.8059113769807309e-08
3.5530544276509024e-08
1.8982212568039123e-08
8.8921962425852506e-09
3.6820703828766400e-09
1.3603446722973519e-09
4.5260914123168733e-10
1.3680326240157449e-10
3.7861399057742123e-11
9.6624464144312440e-12
2.2881687981003055e-12
5.0560552715795493e-13
1.0476106367650938e-13
2.0443645903576388e-14
3.7721520174909766e-15
6.6041624919012697e-16
1.1005576284819548e-16
1.7500131449628887e-17
2.6107590557145413e-18
0.0000000000000000e+00
0.0000000000000000e+00
3.9927941031316291e-19
2.6677564724385903e-18
1.6725674594378334e-17
1.0009592553787130e-16
5.7044357623939712e-16
3.0862879465446231e-15
1.5797618982093500e-14
7.6207513448616435e-14
3.4495023503223255e-13
1.4578470164576761e-12
5.7201572381067779e-12
2.0703485194113265e-11
6.8617820412214950e-11
2.0654535241189175e-10
5.5957458024771474e-10
1.3515758408735109e-09
2.8837137283533552e-09
5.3936074715823912e-09
8.8098879720954076e-09
1.2608234246249708e-08
1.6029037789591596e-08
1.8536532821620432e-08
2.0032456990094096e-08
2.0695005224530249e-08
2.0699996109298540e-08
2.0048672505842399e-08
1.8566456467088264e-08
1.6073178404992315e-08
1.2662079898717556e-08
8.8643707140343928e-09
5.4397788769615741e-09
2.9172181753427855e-09
1.3728666386911004e-09
5.7144913908234756e-10
2.1232394662063807e-10
7.1069318584797125e-11
2.1615646474022683e-11
6.0208237215099888e-12
1.5466302735676556e-12
3.6869226952520052e-13
8.2014103765871386e-14
1.7107727056562114e-14
3.3610445503528139e-15
6.2435406008625784e-16
1.1004831058947395e-16
1.8462768610614213e-17
2.9555012350111050e-18
4.4375218928464001e-19
0.0000000000000000e+00
0.0000000000000000e+00
6.4298313875199633e-20
4.2714867814877354e-19
2.6621131101942320e-18
1.5836710265706293e-17
8.9714892894277218e-17
4.8248739860578938e-16
2.4548734606855877e-15
1.1770881302888686e-14
5.2956995570853073e-14
2.2244122104237633e-13
8.6742590024235385e-13
3.1202291590834543e-12
1.0278318595570071e-11
3.0754549596715169e-11
8.2849446503675232e-11
1.9907535575202615e-10
4.2283349938024600e-10
7.8797796117263937e-10
1.2837114508327415e-09
1.8343967208724885e-09
2.3308523112424015e-09
2.6957111049722570e-09
2.9141452618736421e-09
3.0112216184445502e-09
3.0120049827388705e-09
2.9166843185603220e-09
2.7003804160357075e-09
2.3377182445491130e-09
1.8427541119143383e-09
1.2921577830192403e-09
7.9512714857564838e-10
4.2800481395607254e-10
2.0234157352531583e-10
8.4660309553977072e-11
3.1633364761346136e-11
1.0651669346290997e-11
3.2598515975967723e-12
9.1380806994445003e-13
2.3626999980709780e-13
5.6695203405905659e-14
1.2695680678274648e-14
2.6660024989072402e-15
5.2729272923709630e-16
9.8609935568343653e-17
1.7497820427322784e-17
2.9553118504473955e-18
4.7624600474947536e-19
7.1963457351293396e-20
0.0000000000000000e+00
0.0000000000000000e+00
9.7139578643266344e-21
6.4179307288807599e-20
3.9770453210222440e-19
2.3523823349206123e-18
1.3249780186308655e-17
7.0846833356850384e-17
3.5837634303467733e-16
1.7083497881573449e-15
7.6406142437592103e-15
3.1903441120665780e-14
1.2366828766494649e-13
4.4219865252939962e-13
1.4480594378305825e-12
4.3080239456813012e-12
1.1542319720118489e-11
2.7596852784771892e-11
5.8362550896817230e-11
1.0838352278231325e-10
1.7612733925202380e-10
2.5131662854233390e-10
3.1916732589403058e-10
3.6915673649699200e-10
3.9918492347631819e-10
4.1257358266984519e-10
4.1268848165271405e-10
3.9955648642917544e-10
3.6983779276653758e-10
3.2016576617111610e-10
2.5252949186661707e-10
1.7735187359706078e-10
1.0941912901095128e-10
5.9109900904616800e-11
2.8066641913363348e-11
1.1801506980060099e-11
4.4335010752877097e-12
1.5014218841601094e-12
4.6224018023351474e-13
1.3037135704281233e-13
3.3919107655229646e-14
8.1907988677855040e-15
1.8458804870726798e-15
3.9011284816522458e-16
7.7655300429294379e-17
1.4616107494827281e-17
2.6102652149781418e-18
4.4369859935056351e-19
7.1959388759426468e-20
1.0940070647363619e-20
0.0000000000000000e+00
0.0000000000000000e+00
0.0000000000000000e+00
0.0000000000000000e+00
0.0000000000000000e+00
0.0000000000000000e+00
0.0000000000000000e+00
0.0000000000000000e+00
0.0000000000000000e+00
0.0000000000000000e+00
0.0000000000000000e+00
0.0000000000000000e+00
0.0000000000000000e+00
0.0000000000000000e+00
0.0000000000000000e+00
0.0000000000000000e+00
0.0000000000000000e+00
0.0000000000000000e+00
0.0000000000000000e+00
0.0000000000000000e+00
0.0000000000000000e+00
0.0000000000000000e+00
0.0000000000000000e+00
0.0000000000000000e+00
0.0000000000000000e+00
0.0000000000000000e+00
0.0000000000000000e+00
0.0000000000000000e+00
0.0000000000000000e+00
0.0000000000000000e+00
0.0000000000000000e+00
0.0000000000000000e+00
0.0000000000000000e+00
0.0000000000000000e+00
0.0000000000000000e+00
0.0000000000000000e+00
0.0000000000000000e+00
0.0000000000000000e+00
0.0000000000000000e+00
0.0000000000000000e+00
0.0000000000000000e+00
0.0000000000000000e+00
0.0000000000000000e+00
0.0000000000000000e+00
0.0000000000000000e+00
0.0000000000000000e+00
0.0000000000000000e+00
0.0000000000000000e+00
0.0000000000000000e+00
0.0000000000000000e+00
0.0000000000000000e+00
];
